City_CODE,01Residential,02Commercial,03Industrial,04Transportation,05Public,City,Label
110100,0.3517619317588062,0.01813385084030515,0.1204689234422124,0.027846132618446907,0.48178916134022937,北京市-市辖区,Cluster 3
120100,0.2112757737858503,0.026939949475094278,0.44873303004578324,0.042277940671675,0.27077330602159727,天津市-市辖区,Cluster 1
130100,0.1976945826390575,0.029362818892618506,0.5414652758403014,0.05761333240463086,0.17386399022339166,河北省-石家庄市,Cluster 1
130200,0.4315157881496006,0.08601956833866367,0.26972602831366815,0.026598894763773126,0.18613972043429436,河北省-唐山市,Cluster 4
130300,0.3395093501818948,0.06291228065848387,0.3479163068546584,0.05099509285973236,0.19866696944523052,河北省-秦皇岛市,Cluster 3
130400,0.2005504695583442,0.047519445563896125,0.5745775922519926,0.0024759759695896755,0.17487651665617737,河北省-邯郸市,Cluster 1
130500,0.14411560447525448,0.05374681428538933,0.5481617854952351,0.028995822410911122,0.22497997333321,河北省-邢台市,Cluster 0
130600,0.19995523136347812,0.03530447298005103,0.4017864603303035,0.08588640377324819,0.2770674315529191,河北省-保定市,Cluster 3
130700,0.3791962993568551,0.044954318453611794,0.3622650523853043,0.013837668544520197,0.19974666125970847,河北省-张家口市,Cluster 3
130800,0.2814512178605617,0.026221127378480424,0.5142455512384416,0.0014427729938064006,0.17663933052870978,河北省-承德市,Cluster 1
130900,0.12516449578163114,0.0329011579545179,0.5053951464812709,0.010664318983150643,0.32587488079942944,河北省-沧州市,Cluster 1
131000,0.25849970681090206,0.01583555335953366,0.4370049688409758,0.017910139048413928,0.2707496319401745,河北省-廊坊市,Cluster 3
131100,0.10001326046252434,0.05911159379647287,0.3773759046604016,0.054795328101155255,0.4087039129794458,河北省-衡水市,Cluster 3
140100,0.4558952301008545,0.043366543850559394,0.2888057313174632,0.022064608527450357,0.18986788620367265,山西省-太原市,Cluster 4
140200,0.36554272619610645,0.016066859859832496,0.4587584670415296,0.0005108664748412012,0.1591210804276902,山西省-大同市,Cluster 1
140300,0.653311036015561,0.017991107888732736,0.15168622654873812,0.0002800637952123023,0.17673156575175583,山西省-阳泉市,Cluster 4
140400,0.4672614250363608,0.05087273786244954,0.3307353809870667,0.0009683774383854629,0.15016207867573758,山西省-长治市,Cluster 4
140500,0.327921550620394,0.04018971401809313,0.5198883542326448,0.0005198846838726495,0.11148049644499529,山西省-晋城市,Cluster 1
140600,0.22022533322897436,0.17604488206761393,0.5211823186788322,0.006209984910710737,0.07633748111386875,山西省-朔州市,Cluster 1
140700,0.35402806285345056,0.03169480937310858,0.4386235356680742,0.0003865210466431583,0.1752670710587235,山西省-晋中市,Cluster 1
140800,0.2670114130495112,0.03525404156298886,0.6171174614620013,0.00010052373192772925,0.08051656019357097,山西省-运城市,Cluster 1
140900,0.28294949043237616,0.022692386278775314,0.5223374778335275,0.013206306168103928,0.15881433928721714,山西省-忻州市,Cluster 1
141000,0.3785651581127828,0.06951430860014439,0.35147785938809295,0.0002764471582230055,0.20016622674075685,山西省-临汾市,Cluster 3
141100,0.2733002326631537,0.04433906640525808,0.5346133954149906,0.05759659683755334,0.0901507086790444,山西省-吕梁市,Cluster 1
150100,0.22328925067107444,0.06212946878623987,0.5069215644869658,0.007297903028191437,0.2003618130275284,内蒙古自治区-呼和浩特市,Cluster 1
150200,0.1512838708674398,0.034982551450823775,0.7259522480682057,0.0005708646571558518,0.08721046495637477,内蒙古自治区-包头市,Cluster 0
150300,0.20187364249994766,0.03782836502140372,0.672096647190195,0.0005028058374877098,0.08769853945096581,内蒙古自治区-乌海市,Cluster 0
150400,0.1613001688774828,0.06371891804240502,0.6548326478234592,0.05359332265667051,0.06655494259998251,内蒙古自治区-赤峰市,Cluster 0
150500,0.12266335216548797,0.04120949821277101,0.4864157541438714,0.13140075009316324,0.21831064538470635,内蒙古自治区-通辽市,Cluster 2
150600,0.26109076460995123,0.039332251223748886,0.6493942502673219,0.0011765436228055033,0.049006190276172396,内蒙古自治区-鄂尔多斯市,Cluster 0
150700,0.15779740932474115,0.04484258787070791,0.4559993409628131,0.07613945317287105,0.26522120866886684,内蒙古自治区-呼伦贝尔市,Cluster 3
150800,0.09346844966445966,0.1514353378244668,0.6820831305646635,0.0005951005062603912,0.07241798144014963,内蒙古自治区-巴彦淖尔市,Cluster 0
150900,0.2013860784878538,0.08101919707100214,0.6144089047349741,0.0,0.10318581970616983,内蒙古自治区-乌兰察布市,Cluster 0
152200,0.10371186902241758,0.03190644746947426,0.3189068479477839,0.0329930907473397,0.5124817448129845,内蒙古自治区-兴安盟,Cluster 3
152500,0.15091370253780761,0.09073362719451515,0.5793488135947142,0.009788082868300348,0.1692157738046627,内蒙古自治区-锡林郭勒盟,Cluster 0
152900,0.274703392561516,0.08198989877390396,0.4893445317129009,0.0,0.15396217695167924,内蒙古自治区-阿拉善盟,Cluster 1
210100,0.30760815195344615,0.03052774810345406,0.33343162389286585,0.0869932805378386,0.2414391955123953,辽宁省-沈阳市,Cluster 3
210200,0.22284610804588328,0.03282886815686493,0.42772831327917243,0.04839592263562249,0.2682007878824568,辽宁省-大连市,Cluster 3
210300,0.26080885148172006,0.05220859836445761,0.5867086219182115,0.009087092966447625,0.0911868352691632,辽宁省-鞍山市,Cluster 1
210400,0.334665748412007,0.02502745683423455,0.37613497585494093,0.1753721210978066,0.08879969780101082,辽宁省-抚顺市,Cluster 3
210500,0.3590655655594556,0.08842609159930491,0.35612791920957143,0.09857367095900711,0.09780675267266102,辽宁省-本溪市,Cluster 3
210600,0.2674897438937626,0.08975191608453685,0.4657626516059931,0.025084049395275698,0.15191163902043162,辽宁省-丹东市,Cluster 1
210700,0.16412290293173398,0.039437034258885714,0.40792391277581264,0.10982387517541614,0.27869227485815146,辽宁省-锦州市,Cluster 3
210800,0.19037970146159766,0.03567715122150348,0.6091908592709214,0.013086052838989233,0.15166623520698827,辽宁省-营口市,Cluster 0
210900,0.243376333027788,0.12368258350544252,0.1228082195003139,0.21098232501563527,0.29915053895082033,辽宁省-阜新市,Cluster 3
211000,0.24317915525526507,0.025045317642342982,0.5484247002719901,0.0460099448044045,0.13734088202599742,辽宁省-辽阳市,Cluster 1
211100,0.207372795711903,0.04716741766487208,0.5645260428663351,0.013726121497336935,0.16720762225955285,辽宁省-盘锦市,Cluster 1
211200,0.45931174754622944,0.037098637427783146,0.26917427245766223,0.07441865859599005,0.15999668397233516,辽宁省-铁岭市,Cluster 4
211300,0.3595478401312684,0.1355393868463872,0.350152668197181,0.021152823074996076,0.13360728175016728,辽宁省-朝阳市,Cluster 3
211400,0.26222542601687165,0.07090699206546196,0.33034220048172913,0.026320088266108217,0.310205293169829,辽宁省-葫芦岛市,Cluster 3
220100,0.4146676651064466,0.02890837961527582,0.27417639407202077,0.025258915795540047,0.25698864541071675,吉林省-长春市,Cluster 3
220200,0.2505587077442414,0.01967522538130843,0.46355431549137177,0.13739423149831168,0.12881751988476683,吉林省-吉林市,Cluster 1
220300,0.3041766280349876,0.07339614182266269,0.3687949184999037,0.12095674506597814,0.13267556657646787,吉林省-四平市,Cluster 3
220400,0.46597566796683426,0.012286391143076291,0.3271601731257757,0.1002403450238554,0.09433742274045834,吉林省-辽源市,Cluster 4
220500,0.4500921910707123,0.07614439164603902,0.3014288307502288,0.030746504570421072,0.14158808196259876,吉林省-通化市,Cluster 4
220600,0.39503730046321794,0.014137559883641836,0.238959728475127,0.1910847366455554,0.16078067453245776,吉林省-白山市,Cluster 4
220700,0.12122467749631101,0.029539555086672335,0.11945546297703362,0.36917480546216047,0.36060549897782257,吉林省-松原市,Cluster 2
220800,0.03769426469934968,0.11529705030826139,0.3171713856153849,0.16468735466138698,0.36514994471561707,吉林省-白城市,Cluster 2
222400,0.3344752260423791,0.05217515866765468,0.2497082769064569,0.1217425776176315,0.24189876076587788,吉林省-延边朝鲜族自治州,Cluster 3
230100,0.26233258886449984,0.04460190201945121,0.28957822664482963,0.1040999541678286,0.2993873283033908,黑龙江省-哈尔滨市,Cluster 3
230200,0.18580008121424238,0.040341581994046534,0.2734980731311788,0.23062744528267962,0.2697328183778527,黑龙江省-齐齐哈尔市,Cluster 2
230300,0.3802374551119856,0.05673874191113196,0.35439973431288957,0.0018735869256054684,0.20675048173838736,黑龙江省-鸡西市,Cluster 3
230400,0.364143959885422,0.07655964728481693,0.2171321845472514,0.034653654411392405,0.30751055387111736,黑龙江省-鹤岗市,Cluster 3
230500,0.33840076093325977,0.044129909558729856,0.05793165260328051,0.04391031275329105,0.5156273641514388,黑龙江省-双鸭山市,Cluster 3
230600,0.23244904506567945,0.02697160208679662,0.364462007883382,0.09808822126176196,0.27802912370238003,黑龙江省-大庆市,Cluster 3
230700,0.3974372562917466,0.0872896550163565,0.1261946916913704,0.02069509792647712,0.36838329907404943,黑龙江省-伊春市,Cluster 3
230800,0.22281164440787898,0.02748125894644528,0.29782091471675726,0.11030807396968492,0.34157810795923355,黑龙江省-佳木斯市,Cluster 3
230900,0.6626915543781559,0.06165225500517125,0.10712258095454845,0.02202085819441293,0.14651275146771145,黑龙江省-七台河市,Cluster 4
231000,0.21547233340882718,0.08247243169950477,0.56397295374845,0.03279444841457005,0.10528783272864796,黑龙江省-牡丹江市,Cluster 1
231100,0.11490404468551907,0.07319078887647032,0.4294136393548845,0.21864165936138066,0.16384986772174542,黑龙江省-黑河市,Cluster 2
231200,0.30596515658466017,0.04261812381412233,0.3383849708258326,0.1883851042294359,0.12464664454594898,黑龙江省-绥化市,Cluster 3
310100,0.27961846745154423,0.035509318634655264,0.36432769186437886,0.029482368579159316,0.2910621534702623,上海市-市辖区,Cluster 3
320100,0.2628643622819749,0.030357600585788725,0.34028675708623224,0.04427684248808074,0.32221443755792334,江苏省-南京市,Cluster 3
320200,0.18992915749459469,0.01900362558654244,0.5289639468257378,0.1082477400084575,0.15385553008466754,江苏省-无锡市,Cluster 1
320300,0.21201066990177753,0.07726611749735396,0.36809722136371575,0.15975987184163346,0.18286611939551925,江苏省-徐州市,Cluster 2
320400,0.32646782447408307,0.036220467399667805,0.4273385004899642,0.0720980069574776,0.1378752006788074,江苏省-常州市,Cluster 1
320500,0.22058400084756807,0.029021031334017993,0.511047360345967,0.07308170131227465,0.16626590616017234,江苏省-苏州市,Cluster 1
320600,0.3666395284329841,0.030045769376224628,0.24146279792396763,0.012542332962482139,0.34930957130434154,江苏省-南通市,Cluster 3
320700,0.3147215610430959,0.05758471606380712,0.3408470482960017,0.029213409720110082,0.2576332648769852,江苏省-连云港市,Cluster 3
320800,0.2781081943645638,0.03261571707016307,0.2946381948943192,0.06512244176248808,0.3295154519084657,江苏省-淮安市,Cluster 3
320900,0.21229492081875254,0.04500146256519878,0.43319610456003993,0.05439242599595013,0.2551150860600586,江苏省-盐城市,Cluster 3
321000,0.13299445452345457,0.024574692812143376,0.4742669962576271,0.03431807194676048,0.33384578446001456,江苏省-扬州市,Cluster 3
321100,0.189463165143342,0.03718765808547474,0.578272613625713,0.03722565357385503,0.1578509095716152,江苏省-镇江市,Cluster 0
321200,0.1443626105333181,0.03249243318982097,0.5274284586076858,0.0033911370836515378,0.2923253605855236,江苏省-泰州市,Cluster 1
321300,0.28341467726000996,0.0572111585113764,0.40166585831269536,0.048065261433188324,0.20964304448272997,江苏省-宿迁市,Cluster 3
330100,0.3046293444462614,0.03605354406573891,0.46520375904546707,0.062117126616413755,0.13199622582611886,浙江省-杭州市,Cluster 1
330200,0.147583854879892,0.03363210691060993,0.6310378324481901,0.048496555020209706,0.1392496507410982,浙江省-宁波市,Cluster 0
330300,0.16205288489333158,0.06826939098906216,0.47393946060518494,0.1670348795788345,0.12870338393358682,浙江省-温州市,Cluster 2
330400,0.25151536595168206,0.03579741232673859,0.4415915857607562,0.12023581471913349,0.15085982124168973,浙江省-嘉兴市,Cluster 1
330500,0.2012066434264992,0.0429063524464975,0.487587438522648,0.024451437424443778,0.2438481281799115,浙江省-湖州市,Cluster 1
330600,0.23320720961832664,0.03409333108739303,0.6130308012839883,0.001463915664030167,0.11820474234626195,浙江省-绍兴市,Cluster 0
330700,0.24852351774722709,0.05137320228201691,0.528089226325166,0.02069769095196373,0.15131636269362633,浙江省-金华市,Cluster 1
330800,0.2060933294563192,0.037468797552242916,0.6559557096800436,0.0005346627479963972,0.0999475005633979,浙江省-衢州市,Cluster 0
330900,0.2022280261955145,0.06149543078742697,0.515525811068094,0.0004313811377283426,0.2203193508112362,浙江省-舟山市,Cluster 1
331000,0.06872352426616897,0.03222053851559613,0.6193672673310613,0.1823042486495709,0.0973844212376027,浙江省-台州市,Cluster 0
331100,0.24350389354732047,0.047591703557349437,0.5783199419527814,0.0005766932524893856,0.13000776769005945,浙江省-丽水市,Cluster 1
340100,0.23764473895898316,0.055081923038095844,0.3785369988490606,0.04179876307266833,0.28693757608119197,安徽省-合肥市,Cluster 3
340200,0.26413960559791855,0.022661094416333297,0.4662508127933212,0.08415902848402101,0.16278945870840597,安徽省-芜湖市,Cluster 1
340300,0.15031348961576305,0.07456127382141271,0.3916152899235685,0.026326791563475064,0.3571831550757806,安徽省-蚌埠市,Cluster 3
340400,0.25771786491922977,0.06435532011780773,0.3968136958337055,0.024583223337452817,0.2565298957918042,安徽省-淮南市,Cluster 3
340500,0.28410007808880516,0.01565655232441173,0.5348248147697547,0.003100437688317367,0.16231811712871105,安徽省-马鞍山市,Cluster 1
340600,0.2371703828250282,0.04706895582356368,0.3897094800733626,0.11699363872323261,0.20905754255481288,安徽省-淮北市,Cluster 3
340700,0.674834390824268,0.037916949601693374,0.24793955665014683,0.0,0.03930910292389183,安徽省-铜陵市,Cluster 4
340800,0.27757575755840685,0.057617880362169395,0.5237199565777774,0.01927434339091235,0.12181206211073405,安徽省-安庆市,Cluster 1
341000,0.47600256805205177,0.035143908416764624,0.42884904635578,0.0057126500418578155,0.054291827133545835,安徽省-黄山市,Cluster 4
341100,0.13148730123710684,0.06275522252190109,0.4422748913108397,0.12632329720878357,0.2371592877213688,安徽省-滁州市,Cluster 2
341200,0.16348780949971503,0.14578098712076706,0.31459130490774045,0.17875720184733732,0.19738269662444022,安徽省-阜阳市,Cluster 2
341300,0.18941154748597908,0.10521101496334004,0.30123896836890457,0.0812721294157619,0.3228663397660143,安徽省-宿州市,Cluster 3
341500,0.32196236008156487,0.06650078497048459,0.3968523780453427,0.07216577205632677,0.14251870484628118,安徽省-六安市,Cluster 3
341600,0.10835729876525776,0.1878285369111784,0.24485485657626901,0.23281115276859726,0.2261481549786976,安徽省-亳州市,Cluster 2
341700,0.2865983316799438,0.062029347589158464,0.38419883863237414,0.057418128310512614,0.20975535378801094,安徽省-池州市,Cluster 3
341800,0.2559900619520138,0.060407262006054306,0.591642712779043,0.00016724901021074535,0.09179271425267815,安徽省-宣城市,Cluster 1
350100,0.24788358179701261,0.036515179377156724,0.47448292667464076,0.0457169268119499,0.19540138533923998,福建省-福州市,Cluster 1
350200,0.1100145705782633,0.07931980174473337,0.5577766656385605,0.09175469299095845,0.16113426904748424,福建省-厦门市,Cluster 0
350300,0.17594205827570014,0.1684835116857751,0.345553878014426,0.19243822764563445,0.11758232437846432,福建省-莆田市,Cluster 2
350400,0.2542916171686926,0.024414994561500394,0.5878199238192889,0.06044582101825728,0.07302764343226081,福建省-三明市,Cluster 1
350500,0.06802531580993651,0.052227240801957515,0.6015231346484385,0.20070215331818902,0.07752215542147842,福建省-泉州市,Cluster 0
350600,0.10060561154345371,0.06278498044252301,0.6100735778930462,0.10680782094442476,0.11972800917655221,福建省-漳州市,Cluster 0
350700,0.2926074053768008,0.07268417171700325,0.5308855611070796,0.055357109003452115,0.04846575279566413,福建省-南平市,Cluster 1
350800,0.25704279636222643,0.051256902887838796,0.5381218903367128,0.05360535346523049,0.09997305694799137,福建省-龙岩市,Cluster 1
350900,0.21519547427818023,0.13599646072949045,0.5076464597601004,0.06187053455059739,0.07929107068163162,福建省-宁德市,Cluster 1
360100,0.28650327732032926,0.055960790474455346,0.3371877413145166,0.014401538981675566,0.30594665190902326,江西省-南昌市,Cluster 3
360200,0.39192116411009004,0.039515365497378156,0.43966369755196727,0.004633319164853926,0.12426645367571065,江西省-景德镇市,Cluster 1
360300,0.356135222964157,0.04606517916176328,0.501835440895356,0.0,0.09596415697872376,江西省-萍乡市,Cluster 1
360400,0.33160387525741264,0.026600788159870676,0.4608092129519436,0.0023695335222209675,0.1786165901085523,江西省-九江市,Cluster 1
360500,0.349333941537975,0.039728234912721413,0.47420030629352006,0.0,0.13673751725578362,江西省-新余市,Cluster 1
360600,0.37606732540566223,0.031126454723211974,0.4542712535346519,0.0010744154227384558,0.1374605509137354,江西省-鹰潭市,Cluster 1
360700,0.19017892444999263,0.046817529874587115,0.6453937495679983,0.01323809698241596,0.10437169912500599,江西省-赣州市,Cluster 0
360800,0.3902536548346,0.04041015882707375,0.42896566044667606,0.002545208286277493,0.13782531760537267,江西省-吉安市,Cluster 1
360900,0.29864771897605175,0.03453117745395903,0.5751556703856997,0.0,0.09166543318428964,江西省-宜春市,Cluster 1
361000,0.3211336569148753,0.041007370523457605,0.4523206486612065,0.00038371746076816825,0.18515460643969245,江西省-抚州市,Cluster 1
361100,0.4284779361379311,0.04447784162516842,0.42108885505176546,0.000849934362484716,0.10510543282265025,江西省-上饶市,Cluster 1
370100,0.2999809040578859,0.06553562849775815,0.23534783480948962,0.10199687473878953,0.2971387578960767,山东省-济南市,Cluster 3
370200,0.7164500120878912,0.018961725970901584,0.16483261779231645,0.005416536770998058,0.0943391073778928,山东省-青岛市,Cluster 4
370300,0.3242144916788687,0.05149512320905196,0.4293791112528374,0.09861718175476286,0.09629409210447902,山东省-淄博市,Cluster 1
370400,0.23589095406377406,0.05835249373599468,0.457500871352045,0.02214632354578922,0.226109357302397,山东省-枣庄市,Cluster 1
370500,0.4068089472263702,0.015827516947893236,0.4439191461359836,0.004890345924838915,0.12855404376491408,山东省-东营市,Cluster 1
370600,0.2795829320203045,0.04490870168326609,0.5177422828191028,0.03832416157327287,0.11944192190405378,山东省-烟台市,Cluster 1
370700,0.5129000839715302,0.03784203800965926,0.3429882573881566,0.02351257180049491,0.08275704883015904,山东省-潍坊市,Cluster 4
370800,0.18272410629198851,0.0958877117003454,0.5129177894909535,0.057274846247517504,0.15119554626919518,山东省-济宁市,Cluster 1
370900,0.32790615840447856,0.0477986383403933,0.4372912774099371,0.016521636849461126,0.17048228899572998,山东省-泰安市,Cluster 1
371000,0.17014252496331916,0.028090246020188357,0.5538748983600764,0.005870565305272306,0.2420217653511438,山东省-威海市,Cluster 0
371100,0.632735133553777,0.010799995845610144,0.25061353973599654,0.0009195817644448391,0.1049317491001715,山东省-日照市,Cluster 4
371200,0.41701513030220994,0.030289359783506654,0.47330847360504213,0.0009544342559225378,0.07843260205331863,山东省-莱芜市,Cluster 1
371300,0.2414835978658366,0.028849352149143834,0.46036387420719616,0.003486583664571606,0.2658165921132519,山东省-临沂市,Cluster 1
371400,0.14280817391354697,0.057428587582555805,0.46355846574290677,0.07018962101708945,0.26601515174390117,山东省-德州市,Cluster 3
371500,0.36580111849692176,0.06330231440577108,0.36665203506057864,0.014825610360338895,0.18941892167638952,山东省-聊城市,Cluster 3
371600,0.28023235579287537,0.05209489647448389,0.48989142832750965,0.028561298797909335,0.14922002060722178,山东省-滨州市,Cluster 1
371700,0.24716093078241097,0.09284587196954501,0.4666824112863699,0.010129973742801437,0.1831808122188727,山东省-菏泽市,Cluster 1
410100,0.2944953969582986,0.05807562403159808,0.45446524342878564,0.03623679708875269,0.15672693849256505,河南省-郑州市,Cluster 1
410200,0.24533577794605327,0.09561376724357247,0.5530640230726666,0.0021804918556060336,0.1038059398821017,河南省-开封市,Cluster 1
410300,0.21796465921721223,0.059841008945870605,0.5265013529563461,0.0793587387924458,0.11633424008812517,河南省-洛阳市,Cluster 1
410400,0.4144046249335359,0.04637062169028019,0.36902678844977616,0.009447796530131834,0.16075016839627593,河南省-平顶山市,Cluster 4
410500,0.1634363779547454,0.09095872778306778,0.5034890771596495,0.08582009532429402,0.1562957217782432,河南省-安阳市,Cluster 1
410600,0.32269945817722784,0.04412446055477938,0.4869314598570602,0.0,0.14624462141093256,河南省-鹤壁市,Cluster 1
410700,0.16902223803689156,0.08341042144666695,0.464195659073359,0.18751066161432933,0.0958610198287532,河南省-新乡市,Cluster 2
410800,0.193061363320666,0.10066728624295912,0.6092575912788541,0.00021509801474862297,0.09679866114277194,河南省-焦作市,Cluster 0
410900,0.2482073968693889,0.1327664486001907,0.41807594699888423,0.0005561352988192848,0.2003940722327169,河南省-濮阳市,Cluster 1
411000,0.16005844397868207,0.06297261919515557,0.4858173649097135,0.05282155293338811,0.23833001898306067,河南省-许昌市,Cluster 1
411100,0.17584895566077965,0.05911281363347104,0.2744202495192958,0.305540980721923,0.18507700046453052,河南省-漯河市,Cluster 2
411200,0.4133437160170494,0.07991778362370819,0.3858406502217996,0.002328379826727385,0.11856947031071544,河南省-三门峡市,Cluster 4
411300,0.18095455976019745,0.0881773158571729,0.4382768033723757,0.10789752868654458,0.18469379232370942,河南省-南阳市,Cluster 1
411400,0.21885547921099538,0.11122429966636833,0.3954085890651367,0.09325007760297974,0.18126155445451986,河南省-商丘市,Cluster 3
411500,0.27295631488558436,0.06683319663309216,0.30111364313162364,0.08009228706003453,0.27900455828966525,河南省-信阳市,Cluster 3
411600,0.30229895649619287,0.16248265121263522,0.26394068536936094,0.0874690327118866,0.18380867420992436,河南省-周口市,Cluster 3
411700,0.20139372042089834,0.059393765787366305,0.2459605267624092,0.08870225947051967,0.4045497275588064,河南省-驻马店市,Cluster 3
419000,0.17836369498055565,0.034968523731816636,0.6327414525636847,0.04327109852317694,0.11065523020076605,河南省-省直辖县级行政区划,Cluster 0
420100,0.31038415857421653,0.03911512036611074,0.38031388723558046,0.04238387893547735,0.22780295488861496,湖北省-武汉市,Cluster 3
420200,0.26581016365905125,0.019588883786683838,0.5957085906665078,0.00015424267401497493,0.11873811921374205,湖北省-黄石市,Cluster 1
420300,0.4329235509418348,0.02443763859426387,0.46021507915032256,0.0,0.08242373131357876,湖北省-十堰市,Cluster 1
420500,0.2524146665780093,0.027539946817689245,0.6409056350135768,0.021299565446468268,0.057840186144256345,湖北省-宜昌市,Cluster 0
420600,0.1997361352212833,0.05268804605818265,0.4975351824623601,0.08126667204130739,0.16877396421686655,湖北省-襄阳市,Cluster 1
420700,0.2259912052674765,0.013499630668963414,0.2764102632874955,0.35996688512650044,0.12413201564956415,湖北省-鄂州市,Cluster 2
420800,0.3565051746109838,0.04677750723558684,0.5247172120299909,0.0020987274288855945,0.06990137869455282,湖北省-荆门市,Cluster 1
420900,0.41397637005523985,0.015185324857828728,0.45960811746310865,0.0013124359846125924,0.10991775163921022,湖北省-孝感市,Cluster 1
421000,0.29147089271584664,0.07286640904558443,0.37488154268816415,0.0541886741320012,0.20659248141840353,湖北省-荆州市,Cluster 3
421100,0.10470324586348138,0.056086130840965615,0.6185118856428596,0.0854531990211213,0.13524553863157204,湖北省-黄冈市,Cluster 0
421200,0.5149591563361969,0.059735158188073026,0.33526577445195493,0.0023406623935358748,0.08769924863023912,湖北省-咸宁市,Cluster 4
421300,0.11904695258718344,0.02760352311757087,0.776872780959747,0.007931783055817938,0.06854496027968081,湖北省-随州市,Cluster 0
429000,0.42278131625928855,0.05659641386640084,0.3173960532514901,0.009883802070735043,0.19334241455208548,湖北省-省直辖县级行政区划,Cluster 4
430100,0.5765019979299533,0.05405994634636087,0.23022273111462624,0.04290443246257674,0.09631089214648299,湖南省-长沙市,Cluster 4
430200,0.4787082396035855,0.025495134007063772,0.33285101552623203,0.045025661697206426,0.11791994916591239,湖南省-株洲市,Cluster 4
430300,0.5179576468041391,0.03863007416298731,0.3647402963202141,4.728983110278173e-05,0.07862469288155666,湖南省-湘潭市,Cluster 4
430400,0.41075474825005304,0.03700835892979165,0.3961149111817821,0.10483269876702805,0.05128928287134507,湖南省-衡阳市,Cluster 4
430500,0.28241631735590755,0.10294654694077542,0.5390727980874979,0.00014397153842973605,0.07542036607738933,湖南省-邵阳市,Cluster 1
430600,0.4706835057815442,0.032444417936086094,0.31323634820978385,0.10812930887940338,0.07550641919318242,湖南省-岳阳市,Cluster 4
430700,0.6096366042948781,0.05044711119916908,0.23990424029910787,0.06884052429324371,0.031171519913601297,湖南省-常德市,Cluster 4
430800,0.53482395963837,0.06187511782165513,0.25136112877027195,0.12156913390260426,0.030370659867098557,湖南省-张家界市,Cluster 4
430900,0.45837535121182554,0.05981218303966899,0.4049357875824329,9.668256637882769e-06,0.07686700990943471,湖南省-益阳市,Cluster 4
431000,0.2655993961524148,0.05817248977017994,0.37812439308532514,0.21346922220343845,0.08463449878864167,湖南省-郴州市,Cluster 2
431100,0.3796826021409744,0.021474665635437214,0.5234998931888345,0.02968070479700773,0.04566213423774624,湖南省-永州市,Cluster 1
431200,0.5589869576651262,0.0327094456314147,0.17336852055783625,0.17047467927048376,0.06446039687513914,湖南省-怀化市,Cluster 4
431300,0.3343922093978835,0.029470232452219778,0.4920639668380479,0.06373763452568718,0.08033595678616164,湖南省-娄底市,Cluster 1
433100,0.7954284288195379,0.08155978088757194,0.07134696737573706,0.0,0.05166482291715308,湖南省-湘西土家族苗族自治州,Cluster 4
440100,0.19640503762773598,0.05778815101339609,0.4253582426748345,0.16969174202540618,0.15075682665862722,广东省-广州市,Cluster 2
440200,0.20704009383652575,0.006597180817135529,0.6425374769173423,0.1021917233711991,0.0416335250577973,广东省-韶关市,Cluster 0
440300,0.3267377942344097,0.0970779099938759,0.3079474633044037,0.023891763338094934,0.24434506912921578,广东省-深圳市,Cluster 3
440400,0.3188608399942752,0.03740769462774491,0.4527791780319092,0.006316588656801221,0.18463569868926943,广东省-珠海市,Cluster 1
440500,0.0646783575823984,0.04569717957685477,0.700600635764493,0.09035537825669669,0.09866844881955716,广东省-汕头市,Cluster 0
440600,0.21266323599808393,0.03328827253945916,0.6305584918090772,0.015164675563062209,0.10832532409031755,广东省-佛山市,Cluster 0
440700,0.14283334300801373,0.029900400629393774,0.6937185923502597,0.004022604852905562,0.1295250591594271,广东省-江门市,Cluster 0
440800,0.16552428185758228,0.0420157364803395,0.4329205201364925,0.10433005167350362,0.2552094098520821,广东省-湛江市,Cluster 1
440900,0.08396898780372915,0.025732877329342742,0.43132504928848936,0.32194951314401504,0.1370235724344237,广东省-茂名市,Cluster 2
441200,0.08521394318210945,0.04974721472598558,0.7616166212693957,0.029841350807185578,0.07358087001532378,广东省-肇庆市,Cluster 0
441300,0.3090133275190675,0.03709873941891657,0.4384597476516885,0.08783198854894875,0.12759619686137869,广东省-惠州市,Cluster 1
441400,0.2159810078577388,0.028535247582369402,0.5603537289298381,0.09296091226019144,0.10216910336986218,广东省-梅州市,Cluster 1
441500,0.14948755503585165,0.04093202155602191,0.5007800654652371,0.10260915252318335,0.20619120541970595,广东省-汕尾市,Cluster 1
441600,0.32577228813113174,0.07780097795094239,0.4859874423632665,0.06536604187005622,0.0450732496846031,广东省-河源市,Cluster 1
441700,0.04906352242685392,0.06674348839379317,0.6621963446219286,0.14723507774867123,0.07476156680875314,广东省-阳江市,Cluster 0
441800,0.2604087686015737,0.051982922333994194,0.5275024420552066,0.03105190082718797,0.1290539661820376,广东省-清远市,Cluster 1
441900,0.2377086895768976,0.0462342000199188,0.460398507369859,0.024913007882279663,0.23074559515104484,广东省-东莞市,Cluster 1
442000,0.1588781332405109,0.04065772675373052,0.543996409522479,0.05435031389102047,0.20211741659225904,广东省-中山市,Cluster 0
445100,0.08773031464767896,0.037400777691795735,0.7134501920905258,0.05099292245953064,0.11042579311046885,广东省-潮州市,Cluster 0
445200,0.09127382656757616,0.06058654813234639,0.5764453274067058,0.1825332591631227,0.08916103873024887,广东省-揭阳市,Cluster 0
445300,0.08937599506663124,0.11032804952278813,0.6157896961926496,0.12688393892819605,0.057622320289735046,广东省-云浮市,Cluster 0
450100,0.10757223123028291,0.05858058797198026,0.34430793330702236,0.2982886479598872,0.1912505995308272,广西壮族自治区-南宁市,Cluster 2
450200,0.1919932409462417,0.02756408963047534,0.6058727389065381,0.047369603459690615,0.1272003270570543,广西壮族自治区-柳州市,Cluster 0
450300,0.37942097353701654,0.06429058243981774,0.4907958378570008,0.023035483413521282,0.042457122752643545,广西壮族自治区-桂林市,Cluster 1
450400,0.1151782597587849,0.03608342744344357,0.6361058526696192,0.1622858055774989,0.05034665455065345,广西壮族自治区-梧州市,Cluster 0
450500,0.35319031909454585,0.062399412059742775,0.38603642334144717,0.0003285092946690984,0.19804533620959514,广西壮族自治区-北海市,Cluster 1
450600,0.3358083370628605,0.044309344841515254,0.5034192916897213,0.0763058928035565,0.04015713360234626,广西壮族自治区-防城港市,Cluster 1
450700,0.26525221124126513,0.04312525895160252,0.6095323166921762,0.0025914622243657878,0.0794987508905904,广西壮族自治区-钦州市,Cluster 1
450800,0.09840915042826257,0.08692486147998651,0.7051907020412505,0.055905413478688576,0.05356987257181189,广西壮族自治区-贵港市,Cluster 0
450900,0.12917755804991649,0.03629363475931414,0.47090860617036584,0.22231640285308607,0.14130379816731742,广西壮族自治区-玉林市,Cluster 2
451000,0.21533056689366387,0.074318390576387,0.5766315464411658,0.07869200067463103,0.05502749541415226,广西壮族自治区-百色市,Cluster 1
451100,0.03401531882367319,0.03696939058140534,0.6294656461386863,0.29607686344336437,0.0034727810128708726,广西壮族自治区-贺州市,Cluster 0
451200,0.08392608534784113,0.0,0.267868411097226,0.618111769161165,0.030093734393768043,广西壮族自治区-河池市,Cluster 2
451300,0.24679488777126685,0.039216026530352936,0.642541914802434,0.0,0.07144717089594615,广西壮族自治区-来宾市,Cluster 0
451400,0.15238943143020098,0.044438986144970806,0.6316405287713853,0.03267238675772122,0.13885866689572174,广西壮族自治区-崇左市,Cluster 0
460100,0.38927288449913333,0.027171882739012963,0.3311733796965768,0.05594296235416228,0.1964388907111145,海南省-海口市,Cluster 3
460200,0.49519528575858207,0.04841173379549437,0.17449861735345606,0.10414828292162864,0.17774608017083884,海南省-三亚市,Cluster 4
469000,0.4322804627891039,0.03429872530659336,0.25773969589295337,0.053290150616390156,0.22239096539495923,海南省-省直辖县级行政区划,Cluster 4
500100,0.4975402159475725,0.01602264471544132,0.36962289347165184,0.0424813106093102,0.07433293525602408,重庆市-市辖区,Cluster 4
510100,0.4391483893804544,0.0618305918556055,0.3350879017441849,0.070552929575079,0.09338018744467626,四川省-成都市,Cluster 4
510300,0.6040308660146019,0.023219824174705566,0.2905864996365114,0.00016773255779218768,0.081995077616389,四川省-自贡市,Cluster 4
510400,0.440987821925637,0.0024574918488698286,0.49186757957527005,1.438959716823034e-05,0.0646727170530549,四川省-攀枝花市,Cluster 1
510500,0.6403063269580992,0.00596452676851511,0.31404282642724624,2.7375150346512036e-05,0.03965894469579299,四川省-泸州市,Cluster 4
510600,0.19514091349787283,0.025394602881911157,0.518300007938501,0.22139175673662745,0.0397727189450877,四川省-德阳市,Cluster 2
510700,0.2961583448450209,0.07957286616575053,0.4479736209601805,0.07005923044275444,0.10623593758629375,四川省-绵阳市,Cluster 1
510800,0.4930612628116776,0.031429449744616055,0.3567348237769681,0.022792531456474738,0.09598193221026355,四川省-广元市,Cluster 4
510900,0.3433075517604143,0.008124682941493112,0.28198009924680123,0.3154782181037054,0.05110944794758588,四川省-遂宁市,Cluster 2
511000,0.8342630718373648,0.02366539028053047,0.11458078225848864,0.00026363116423971933,0.027227124459376355,四川省-内江市,Cluster 4
511100,0.6301311528206206,0.02580682685458716,0.28496826151284,0.0,0.05909375881195235,四川省-乐山市,Cluster 4
511300,0.5799116953107717,0.009536062197402983,0.29870081888554606,0.03534270120439528,0.07650872240188393,四川省-南充市,Cluster 4
511400,0.416127887438322,0.006074153867253271,0.4966117594151813,0.0,0.08118619927924339,四川省-眉山市,Cluster 1
511500,0.7455936196455134,0.0,0.2544063803544866,0.0,0.0,四川省-宜宾市,Cluster 4
511600,0.23436899731347027,0.028678211006512827,0.4451109962819157,0.24986729019995418,0.04197450519814701,四川省-广安市,Cluster 2
511700,0.4423294524041058,0.035273460706932165,0.20973918681135645,0.27610799064793673,0.03654990942966885,四川省-达州市,Cluster 4
511800,0.7482996124685223,0.0,0.2517003875314778,0.0,0.0,四川省-雅安市,Cluster 4
511900,0.013090516313002514,0.0,0.28695922790738587,0.6633722199638257,0.036578035815785885,四川省-巴中市,Cluster 2
512000,0.5477404445522287,0.004657713803506974,0.29980372430406155,0.10667494490146409,0.04112317243873867,四川省-资阳市,Cluster 4
513200,0.07782320342779318,0.0,0.7478621773591029,0.0,0.17431461921310398,四川省-阿坝藏族羌族自治州,Cluster 0
513400,0.5970483069246199,0.025391192802743195,0.30754781242836193,0.0023972717695014763,0.0676154160747735,四川省-凉山彝族自治州,Cluster 4
520100,0.31665888093144423,0.041117764287524006,0.38023370168823545,0.10253400717494308,0.15945564591785324,贵州省-贵阳市,Cluster 3
520200,0.5187683989225773,0.02608680490169161,0.37246727498368837,0.0005150398397036503,0.08216248135233907,贵州省-六盘水市,Cluster 4
520300,0.37355800660136496,0.03655420627018489,0.3793810569556781,0.027281057065712013,0.1832256731070601,贵州省-遵义市,Cluster 3
520400,0.32110914257874357,0.04621783822182046,0.5402291441465972,0.0,0.0924438750528388,贵州省-安顺市,Cluster 1
520500,0.15571613998881412,0.16072227852392942,0.35420801591339895,0.25023273645090904,0.07912082912294835,贵州省-毕节市,Cluster 2
520600,0.05933045046591907,0.20286915441246686,0.3123378389297722,0.3697687586996032,0.05569379749223869,贵州省-铜仁市,Cluster 2
522300,0.0938545896052946,0.031564302365949426,0.49372935705569804,0.2368199713723218,0.14403177960073613,贵州省-黔西南布依族苗族自治州,Cluster 2
522600,0.3075023497751274,0.01843439260366748,0.46817791144363824,0.15315133895745284,0.052734007220114044,贵州省-黔东南苗族侗族自治州,Cluster 1
522700,0.1903498505267463,0.045093779773674895,0.5446029111225686,0.19294187420265377,0.027011584374356443,贵州省-黔南布依族苗族自治州,Cluster 1
530100,0.274509078933924,0.06154124535339543,0.44587209067342737,0.04664236059294857,0.17143522444630463,云南省-昆明市,Cluster 1
530300,0.33473162606264373,0.06892697619595786,0.4704985152350957,0.010322720456305645,0.11552016204999706,云南省-曲靖市,Cluster 1
530400,0.136659103604238,0.020141619611537247,0.5772024479021896,0.06133673479883502,0.20466009408320018,云南省-玉溪市,Cluster 0
530500,0.17081709874595014,0.043231995999351874,0.5942286663517958,0.0015996261384163411,0.19012261276448583,云南省-保山市,Cluster 0
530600,0.3790963867387615,0.07039815112786776,0.38326137072461175,0.0,0.16724409140875893,云南省-昭通市,Cluster 1
530700,0.4311747915682322,0.15403091112744585,0.23304611418287408,0.001338045883078147,0.18041013723836977,云南省-丽江市,Cluster 4
530800,0.4891900351463034,0.09020319968061498,0.24325226562502797,9.792468797315679e-05,0.17725657486008053,云南省-普洱市,Cluster 4
530900,0.3663070497831766,0.09287329742401507,0.4400785862126153,0.0,0.10074106658019308,云南省-临沧市,Cluster 1
532300,0.41309485953702385,0.08892935237169193,0.36305709413025583,0.00022285691331668696,0.1346958370477117,云南省-楚雄彝族自治州,Cluster 4
532500,0.2241901189719412,0.06682167208192653,0.5386938421458025,0.035378684840535246,0.13491568195979453,云南省-红河哈尼族彝族自治州,Cluster 1
532600,0.16241780902117922,0.13794638591189995,0.492808957045217,0.09246227578800015,0.11436457223370365,云南省-文山壮族苗族自治州,Cluster 1
532800,0.6055548798298368,0.07164931896347784,0.22481391980770396,0.025512678909079472,0.07246920248990182,云南省-西双版纳傣族自治州,Cluster 4
532900,0.2508327363156361,0.09212248660300777,0.5041964643795791,0.0015495482610777807,0.1512987644406993,云南省-大理白族自治州,Cluster 1
533100,0.3039901669587292,0.05245576406931462,0.5089805509638108,6.5345009032092e-05,0.13450817299911327,云南省-德宏傣族景颇族自治州,Cluster 1
533300,0.2708203583193958,0.028128780256938116,0.29348883013527655,0.0,0.4075620312883894,云南省-怒江傈僳族自治州,Cluster 3
533400,0.033934145419521965,0.3279425890848793,0.49071400240020735,0.0,0.1474092630953914,云南省-迪庆藏族自治州,Cluster 0
540100,0.09676569404301294,0.08902369848197389,0.6287675000525597,0.0,0.18544310742245343,西藏自治区-拉萨市,Cluster 0
542200,0.294392977422221,0.014964262779739336,0.569898445984475,0.0,0.12074431381356461,542200,Cluster 1
542300,0.10461994590856928,0.058103160750159796,0.7089675612662554,0.0,0.12830933207501555,542300,Cluster 0
542400,0.01908447650491799,0.16461598319077753,0.7080728010480241,0.0,0.10822673925628037,西藏自治区-那曲地区,Cluster 0
610100,0.3595741473477752,0.06890347856748287,0.30371216199791196,0.009604069590236757,0.25820614249659324,陕西省-西安市,Cluster 3
610200,0.27709803981335485,0.13177523166293884,0.5185618158560232,0.0,0.072564912667683,陕西省-铜川市,Cluster 1
610300,0.34011781623108706,0.03230501020215103,0.4273442729175294,0.0030728226794839828,0.19716007796974852,陕西省-宝鸡市,Cluster 1
610400,0.2974495387274164,0.05018768926134676,0.46353720371884244,0.0010612752208584402,0.18776429307153594,陕西省-咸阳市,Cluster 1
610500,0.3291764366009489,0.06790091080265122,0.4570873361403907,0.0024982463502828374,0.14333707010572636,陕西省-渭南市,Cluster 1
610600,0.5244817734990314,0.06583050223809966,0.32506056294735264,0.0,0.08462716131551631,陕西省-延安市,Cluster 4
610700,0.35299751082186076,0.04117798742471534,0.5192535553714878,0.006493439831461339,0.0800775065504749,陕西省-汉中市,Cluster 1
610800,0.26244020515028793,0.051905514582298584,0.6017801293882505,0.0033285780578466207,0.08054557282131634,陕西省-榆林市,Cluster 1
610900,0.4245498868507044,0.12149950633740729,0.21982271354390925,0.18468107137011075,0.049446821897868365,陕西省-安康市,Cluster 4
611000,0.4957639018821953,0.06859501194241317,0.25302798622080586,0.002359711703894672,0.18025338825069104,陕西省-商洛市,Cluster 4
620100,0.21111314667511344,0.0994893837496706,0.5197392913859407,0.010611648063556372,0.15904653012571895,甘肃省-兰州市,Cluster 1
620200,0.1433965486632576,0.056790105506057134,0.7416039269584371,0.005775489185647019,0.05243392968660107,甘肃省-嘉峪关市,Cluster 0
620300,0.0901482194688465,0.08293529491510691,0.771704736185681,0.0,0.055211749430365636,甘肃省-金昌市,Cluster 0
620400,0.11134297414506687,0.0992418646130143,0.7252474373975608,0.0010098017765291587,0.06315792206782875,甘肃省-白银市,Cluster 0
620500,0.23011778732473925,0.06445933451972449,0.5857016782195544,0.0015191314662328424,0.11820206846974891,甘肃省-天水市,Cluster 1
620600,0.2088475302503925,0.13734774647165315,0.5853748589305531,0.0,0.06842986434740135,甘肃省-武威市,Cluster 0
620700,0.11156245494659862,0.1317248597313676,0.6661047358916996,0.008269153724336181,0.08233879570599795,甘肃省-张掖市,Cluster 0
620800,0.226829597874333,0.08392902888645754,0.5684908794998876,0.0,0.1207504937393218,甘肃省-平凉市,Cluster 1
620900,0.19326785707369473,0.07870003486493266,0.6014123447178746,0.005727452696584964,0.12089231064691311,甘肃省-酒泉市,Cluster 0
621000,0.1939141391383842,0.16708378146627054,0.4613421111962656,0.06755553392469067,0.11010443427438905,甘肃省-庆阳市,Cluster 1
621100,0.11657575981746644,0.13392399211455827,0.7002876997541808,5.574262497440258e-05,0.049156805688820145,甘肃省-定西市,Cluster 0
621200,0.21028129272428372,0.14953029873407558,0.49241481315964103,0.08423421387796762,0.06353938150403202,甘肃省-陇南市,Cluster 1
622900,0.30530350571867143,0.1003303575176817,0.49034353451632984,0.0,0.10402260224731705,甘肃省-临夏回族自治州,Cluster 1
623000,0.12630635135691404,0.2433512783808416,0.5913991543921159,0.0,0.03894321587012851,甘肃省-甘南藏族自治州,Cluster 0
630100,0.4649742703658156,0.034981719832130526,0.39099017535912073,2.6353621817258955e-05,0.10902748082111588,青海省-西宁市,Cluster 4
632100,0.42775909036314624,0.04952710963838639,0.4000424025117237,5.225797104169951e-05,0.12261913951570191,632100,Cluster 4
632200,0.3234618636133007,0.045436828698783835,0.2831467093709957,0.0,0.3479545983169198,青海省-海北藏族自治州,Cluster 3
632300,0.34136284713327014,0.0,0.11562717201536495,0.0,0.543009980851365,青海省-黄南藏族自治州,Cluster 4
632500,0.25300411749664437,0.09372815587454605,0.5550092887478467,0.0,0.09825843788096282,青海省-海南藏族自治州,Cluster 1
632600,0.4255115610903908,0.0,0.0,0.03162711688181313,0.542861322027796,青海省-果洛藏族自治州,Cluster 3
632700,0.024968797476452524,0.05376800436642169,0.7148360932279137,0.0,0.20642710492921207,青海省-玉树藏族自治州,Cluster 0
632800,0.04745576165560513,0.04879506223421282,0.8459095310626777,0.0035057962125583063,0.05433384883494596,青海省-海西蒙古族藏族自治州,Cluster 0
640100,0.5056998298244988,0.026958230341077857,0.31344514715230715,0.0008930027570472393,0.1530037899250691,宁夏回族自治区-银川市,Cluster 4
640200,0.1981154293415483,0.009356189190018467,0.6998981537187671,0.0,0.09263022774966612,宁夏回族自治区-石嘴山市,Cluster 0
640300,0.16772437000968338,0.03394287754665801,0.6363437054089007,0.0,0.16198904703475794,宁夏回族自治区-吴忠市,Cluster 0
640400,0.11420533948916971,0.09164336133356135,0.6996290360242632,0.00034341637542026105,0.09417884677758546,宁夏回族自治区-固原市,Cluster 0
640500,0.09396679214205837,0.0366293262963903,0.7547586568304439,0.008316911500371522,0.10632831323073597,宁夏回族自治区-中卫市,Cluster 0
650100,0.2397585680730599,0.018707314327582908,0.5683589786590962,0.02684118340684608,0.14633395553341474,新疆维吾尔自治区-乌鲁木齐市,Cluster 1
650200,0.06395732649063504,0.006771989878076992,0.8013527653623729,0.002250203045379692,0.12566771522353548,新疆维吾尔自治区-克拉玛依市,Cluster 0
652100,0.023127370455358568,0.12938389662163705,0.7477089758709321,0.020140233211251447,0.07963952384082087,652100,Cluster 0
652200,0.024968703318661807,0.02282714517605292,0.8904893465153851,0.0023131170883859864,0.05940168790151413,652200,Cluster 0
652300,0.3247789073194134,0.029074263900698376,0.5502485913242018,0.00012393663389077237,0.09577430082179567,新疆维吾尔自治区-昌吉回族自治州,Cluster 1
